0 0.0013000965 0.0011365532875061036 0.0010396242
1 0.0013000965 0.0011339731216430664 0.0010396242
2 0.0013000965 0.001140280246734619 0.0010396242
3 0.0013000965 0.0011452329158782959 0.0010396242
4 0.0013000965 0.0011496446132659912 0.0010396242
5 0.0013000965 0.0011553590297698974 0.0010396242
6 0.0013000965 0.0011661840677261353 0.0010396242
7 0.0013000965 0.0011827869415283203 0.0010396242
8 0.0013000965 0.0011906051635742188 0.0010396242
9 0.0013000965 0.001202917218208313 0.0010396242
10 0.0013000965 0.001216243863105774 0.0010396242
11 0.0013000965 0.0012286024093627929 0.0010396242
12 0.0013000965 0.0012392948865890504 0.0010396242
13 0.0013000965 0.001244533658027649 0.0010396242
14 0.0013000965 0.0012564772367477416 0.0010396242
15 0.0013000965 0.0012565878629684447 0.0010396242
16 0.0013000965 0.0012566868066787719 0.0010396242
17 0.0013000965 0.0012628822326660157 0.0010396242
18 0.0013000965 0.0012647829055786133 0.0010396242
19 0.0013000965 0.0012680873870849609 0.0010396242
20 0.0013000965 0.0012683262825012207 0.0010396242
21 0.0013000965 0.0012699742317199708 0.0010396242
22 0.0013000965 0.0012646280527114867 0.0010396242
23 0.0013000965 0.0012727314233779907 0.0010396242
24 0.0013000965 0.00128136944770813 0.0010396242
25 0.0013000965 0.0012827365398406982 0.0011164546
26 0.0013000965 0.0012852780818939208 0.0011164546
27 0.0013000965 0.0012864093780517577 0.0011164546
28 0.0013000965 0.0012870323657989502 0.0011164546
29 0.0013000965 0.0012883604764938354 0.0011164546
30 0.0013000965 0.0012886719703674317 0.0011164546
31 0.0013000965 0.0012875406742095948 0.0011164546
32 0.0013000965 0.0012858158349990845 0.0011164546
33 0.0013000965 0.0012883604764938354 0.0011164546
34 0.0013000965 0.0012918953895568847 0.0011164546
35 0.0013000965 0.0012924889326095582 0.0011164546
36 0.0013000965 0.0012931677103042603 0.0011164546
37 0.0013000965 0.0012941579818725585 0.0011164546
38 0.0013000965 0.0012939317226409912 0.0011164546
39 0.0013000965 0.0012922626733779907 0.0011164546
40 0.0013000965 0.0012923479080200195 0.0011164546
41 0.0013000965 0.0012906230688095094 0.0011164546
42 0.0013000965 0.0012940727472305297 0.0011164546
43 0.0013000965 0.0012961090803146362 0.0011164546
44 0.0013000965 0.0012970141172409058 0.0011164546
45 0.0013000965 0.001296194314956665 0.0011164546
46 0.0013000965 0.001296958327293396 0.0011164546
47 0.0013000965 0.0012956302165985107 0.0011164546
48 0.0013000965 0.001296194314956665 0.0011164546
49 0.0013000965 0.0012957417964935302 0.0011164546
50 0.0013000965 0.0012970141172409058 0.0011164546
51 0.0013000965 0.0012970993518829346 0.0011164546
52 0.0013000965 0.0012973814010620117 0.0011869669
53 0.0013000965 0.0012973814010620117 0.0011869669
54 0.0013000965 0.001296928882598877 0.0011869669
55 0.0013000965 0.0012967026233673096 0.0011869669
56 0.0013000965 0.001297607660293579 0.0011869669
0 0.0013000965 0.0011365532875061036 0.0010396242
1 0.99540734 0.9954073429107666 0.99540734
2 0.99540734 0.9954073429107666 0.99540734
3 0.99540734 0.9954073429107666 0.99540734
4 0.99540734 0.9954073429107666 0.99540734
5 0.99540734 0.9954073429107666 0.99540734
6 0.99540734 0.9954073429107666 0.99540734
7 0.99540734 0.9954073429107666 0.99540734
8 0.99540734 0.9954073429107666 0.99540734
9 0.99540734 0.9954073429107666 0.99540734
10 0.99540734 0.9954073429107666 0.99540734
11 0.99540734 0.9954073429107666 0.99540734
12 0.99540734 0.9954073429107666 0.99540734
13 0.99540734 0.9954073429107666 0.99540734
14 0.99540734 0.9954073429107666 0.99540734
15 0.99540734 0.9954073429107666 0.99540734
16 0.99540734 0.9954073429107666 0.99540734
17 0.99540734 0.9954073429107666 0.99540734
18 0.99540734 0.9954073429107666 0.99540734
19 0.99540734 0.9954073429107666 0.99540734
20 0.99540734 0.9954073429107666 0.99540734
21 0.99540734 0.9954073429107666 0.99540734
22 0.99540734 0.9954073429107666 0.99540734
23 0.99540734 0.9954073429107666 0.99540734
24 0.99540734 0.9954073429107666 0.99540734
25 0.99540734 0.9954073429107666 0.99540734
26 0.99540734 0.9954073429107666 0.99540734
27 0.99540734 0.9954073429107666 0.99540734
28 0.99540734 0.9954073429107666 0.99540734
29 0.99540734 0.9954073429107666 0.99540734
30 0.99540734 0.9954073429107666 0.99540734
31 0.99540734 0.9954073429107666 0.99540734
32 0.99540734 0.9954073429107666 0.99540734
33 0.99540734 0.9954073429107666 0.99540734
34 0.99540734 0.9954073429107666 0.99540734
35 0.99540734 0.9954073429107666 0.99540734
36 0.99540734 0.9954073429107666 0.99540734
37 0.99540734 0.9954073429107666 0.99540734
38 0.99540734 0.9954073429107666 0.99540734
39 0.99540734 0.9954073429107666 0.99540734
40 0.99540734 0.9954073429107666 0.99540734
41 0.99540734 0.9954073429107666 0.99540734
42 0.99540734 0.9954073429107666 0.99540734
43 0.99540734 0.9954073429107666 0.99540734
44 0.99540734 0.9954073429107666 0.99540734
45 0.99540734 0.9954073429107666 0.99540734
46 0.99540734 0.9954073429107666 0.99540734
47 0.99540734 0.9954073429107666 0.99540734
48 0.99540734 0.9954073429107666 0.99540734
49 0.99540734 0.9954073429107666 0.99540734
50 0.99540734 0.9954073429107666 0.99540734
51 0.99540734 0.9954073429107666 0.99540734
52 0.99540734 0.9954073429107666 0.99540734
53 0.99540734 0.9954073429107666 0.99540734
54 0.99540734 0.9954073429107666 0.99540734
55 0.99540734 0.9954073429107666 0.99540734
56 0.99540734 0.9954073429107666 0.99540734
57 0.99540734 0.9954073429107666 0.99540734
58 0.99540734 0.9954073429107666 0.99540734
59 0.99540734 0.9954073429107666 0.99540734
60 0.99540734 0.9954073429107666 0.99540734
61 0.99540734 0.9954073429107666 0.99540734
62 0.99540734 0.9954073429107666 0.99540734
63 0.99540734 0.9954073429107666 0.99540734
64 0.99540734 0.9954073429107666 0.99540734
65 0.99540734 0.9954073429107666 0.99540734
66 0.99540734 0.9954073429107666 0.99540734
67 0.99540734 0.9954073429107666 0.99540734
68 0.99540734 0.9954073429107666 0.99540734
69 0.99540734 0.9954073429107666 0.99540734
70 0.99540734 0.9954073429107666 0.99540734
71 0.99540734 0.9954073429107666 0.99540734
72 0.99540734 0.9954073429107666 0.99540734
73 0.99540734 0.9954073429107666 0.99540734
74 0.99540734 0.9954073429107666 0.99540734
75 0.99540734 0.9954073429107666 0.99540734
76 0.99540734 0.9954073429107666 0.99540734
77 0.99540734 0.9954073429107666 0.99540734
78 0.99540734 0.9954073429107666 0.99540734
79 0.99540734 0.9954073429107666 0.99540734
80 0.99540734 0.9954073429107666 0.99540734
81 0.99540734 0.9954073429107666 0.99540734
82 0.99540734 0.9954073429107666 0.99540734
83 0.99540734 0.9954073429107666 0.99540734
84 0.99540734 0.9954073429107666 0.99540734
85 0.99540734 0.9954073429107666 0.99540734
86 0.99540734 0.9954073429107666 0.99540734
87 0.99540734 0.9954073429107666 0.99540734
88 0.99540734 0.9954073429107666 0.99540734
89 0.99540734 0.9954073429107666 0.99540734
90 0.99540734 0.9954073429107666 0.99540734
91 0.99540734 0.9954073429107666 0.99540734
92 0.99540734 0.9954073429107666 0.99540734
93 0.99540734 0.9954073429107666 0.99540734
94 0.99540734 0.9954073429107666 0.99540734
95 0.99540734 0.9954073429107666 0.99540734
96 0.99540734 0.9954073429107666 0.99540734
97 0.99540734 0.9954073429107666 0.99540734
98 0.99540734 0.9954073429107666 0.99540734
99 0.99540734 0.9954073429107666 0.99540734
100 0.99540734 0.9954073429107666 0.99540734
101 0.99540734 0.9954073429107666 0.99540734
102 0.99540734 0.9954073429107666 0.99540734
103 0.99540734 0.9954073429107666 0.99540734
104 0.99540734 0.9954073429107666 0.99540734
105 0.99540734 0.9954073429107666 0.99540734
106 0.99540734 0.9954073429107666 0.99540734
107 0.99540734 0.9954073429107666 0.99540734
108 0.99540734 0.9954073429107666 0.99540734
109 0.99540734 0.9954073429107666 0.99540734
110 0.99540734 0.9954073429107666 0.99540734
111 0.99540734 0.9954073429107666 0.99540734
112 0.99540734 0.9954073429107666 0.99540734
113 0.99540734 0.9954073429107666 0.99540734
114 0.99540734 0.9954073429107666 0.99540734
115 0.99540734 0.9954073429107666 0.99540734
116 0.99540734 0.9954073429107666 0.99540734
117 0.99540734 0.9954073429107666 0.99540734
118 0.99540734 0.9954073429107666 0.99540734
119 0.99540734 0.9954073429107666 0.99540734
120 0.99540734 0.9954073429107666 0.99540734
121 0.99540734 0.9954073429107666 0.99540734
122 0.99540734 0.9954073429107666 0.99540734
123 0.99540734 0.9954073429107666 0.99540734
124 0.99540734 0.9954073429107666 0.99540734
125 0.99540734 0.9954073429107666 0.99540734
126 0.99540734 0.9954073429107666 0.99540734
127 0.99540734 0.9954073429107666 0.99540734
128 0.99540734 0.9954073429107666 0.99540734
129 0.99540734 0.9954073429107666 0.99540734
130 0.99540734 0.9954073429107666 0.99540734
131 0.99540734 0.9954073429107666 0.99540734
132 0.99540734 0.9954073429107666 0.99540734
133 0.99540734 0.9954073429107666 0.99540734
134 0.99540734 0.9954073429107666 0.99540734
135 0.99540734 0.9954073429107666 0.99540734
136 0.99540734 0.9954073429107666 0.99540734
137 0.99540734 0.9954073429107666 0.99540734
138 0.99540734 0.9954073429107666 0.99540734
139 0.99540734 0.9954073429107666 0.99540734
140 0.99540734 0.9954073429107666 0.99540734
141 0.99540734 0.9954073429107666 0.99540734
142 0.99540734 0.9954073429107666 0.99540734
143 0.99540734 0.9954073429107666 0.99540734
144 0.99540734 0.9954073429107666 0.99540734
145 0.99540734 0.9954073429107666 0.99540734
146 0.99540734 0.9954073429107666 0.99540734
147 0.99540734 0.9954073429107666 0.99540734
148 0.99540734 0.9954073429107666 0.99540734
149 0.99540734 0.9954073429107666 0.99540734
